NMPC_SIM.state_history = [0.000000e+00 0.000000e+00 3.141593e+00 0.000000e+00 ;
	-1.475359e-02 -2.902760e-01 3.132421e+00 -1.795108e-01 ;
	-5.695416e-02 -5.484808e-01 3.106746e+00 -3.280857e-01 ;
	-1.232821e-01 -7.725540e-01 3.068208e+00 -4.352715e-01 ;
	-2.058679e-01 -8.751844e-01 3.024062e+00 -4.406734e-01 ;
	-2.988924e-01 -9.813812e-01 2.980627e+00 -4.211695e-01 ;
	-3.910255e-01 -8.615981e-01 2.947503e+00 -2.382876e-01 ;
	-4.568270e-01 -4.601496e-01 2.942205e+00 1.293092e-01 ;
	-4.831671e-01 -7.331347e-02 2.973054e+00 4.807246e-01 ;
	-4.730386e-01 2.681141e-01 3.036487e+00 7.770342e-01 ;
	-4.313615e-01 5.561388e-01 3.125806e+00 9.946668e-01 ;
	-3.638991e-01 7.828206e-01 3.232094e+00 1.113806e+00 ;
	-2.769327e-01 9.467646e-01 3.344934e+00 1.125401e+00 ;
	-1.763721e-01 1.056898e+00 3.453742e+00 1.035218e+00 ;
	-6.682090e-02 1.129424e+00 3.549151e+00 8.609074e-01 ;
	4.880637e-02 1.180786e+00 3.623858e+00 6.249044e-01 ;
	1.690156e-01 1.222416e+00 3.672793e+00 3.488229e-01 ;
	2.871210e-01 1.140963e+00 3.689699e+00 -1.140103e-02 ;
	3.885205e-01 8.898837e-01 3.665906e+00 -4.611492e-01 ;
	4.532059e-01 4.082313e-01 3.591690e+00 -1.015776e+00 ;
	4.712838e-01 -4.003823e-02 3.464832e+00 -1.507797e+00 ;
	4.472644e-01 -4.267527e-01 3.293867e+00 -1.888000e+00 ;
	3.896336e-01 -7.047815e-01 3.093123e+00 -2.093766e+00 ;
	3.109214e-01 -8.483025e-01 2.882287e+00 -2.088404e+00 ;
	2.235737e-01 -8.860489e-01 2.681824e+00 -1.894216e+00 ;
	1.352087e-01 -8.785025e-01 2.507772e+00 -1.570302e+00 ;
	4.772668e-02 -8.740639e-01 2.370268e+00 -1.170551e+00 ;
	-4.040830e-02 -8.927494e-01 2.275035e+00 -7.291120e-01 ;
	-1.315307e-01 -9.321759e-01 2.225162e+00 -2.659972e-01 ;
	-2.270597e-01 -9.780384e-01 2.222105e+00 2.051755e-01 ;
	-3.246154e-01 -9.702727e-01 2.266892e+00 6.888294e-01 ;
	-4.147491e-01 -8.282995e-01 2.361598e+00 1.201514e+00 ;
	-4.764023e-01 -4.014142e-01 2.512104e+00 1.802801e+00 ;
	-4.897103e-01 1.310928e-01 2.722903e+00 2.398113e+00 ;
	-4.529206e-01 5.807045e-01 2.986680e+00 2.840883e+00 ;
	-3.807168e-01 8.224797e-01 3.281300e+00 2.996564e+00 ;
	-2.965101e-01 8.306882e-01 3.574899e+00 2.828448e+00 ;
	-2.183877e-01 7.250025e-01 3.839742e+00 2.443629e+00 ;
	-1.509789e-01 6.317093e-01 4.060379e+00 1.958742e+00 ;
	-8.969440e-02 6.064606e-01 4.230135e+00 1.431663e+00 ;
	-2.730995e-02 6.513720e-01 4.346008e+00 8.830673e-01 ;
	4.213693e-02 7.426682e-01 4.406328e+00 3.218476e-01 ;
	1.216419e-01 8.466562e-01 4.410193e+00 -2.448269e-01 ;
	2.107085e-01 9.282928e-01 4.357418e+00 -8.098119e-01 ;
	3.055206e-01 9.572461e-01 4.248514e+00 -1.366204e+00 ;
	3.926379e-01 7.727263e-01 4.082567e+00 -1.950651e+00 ;
	4.451279e-01 2.667084e-01 3.854111e+00 -2.615797e+00 ;
	4.399421e-01 -3.629254e-01 3.558610e+00 -3.274988e+00 ;
	3.779487e-01 -8.283463e-01 3.206775e+00 -3.701993e+00 ;
	2.873729e-01 -9.192882e-01 2.833612e+00 -3.684618e+00 ;
	2.039240e-01 -7.245058e-01 2.482615e+00 -3.293068e+00 ;
	1.433436e-01 -4.970728e-01 2.179835e+00 -2.750514e+00 ;
	1.008692e-01 -3.736222e-01 1.933616e+00 -2.171074e+00 ;
	6.429368e-02 -3.777643e-01 1.745999e+00 -1.579447e+00 ;
	2.187662e-02 -4.844301e-01 1.618105e+00 -9.765860e-01 ;
	-3.460421e-02 -6.515217e-01 1.551002e+00 -3.643074e-01 ;
	-1.088855e-01 -8.327836e-01 1.545370e+00 2.517225e-01 ;
	-2.001192e-01 -9.833750e-01 1.601254e+00 8.650985e-01 ;
	-3.031593e-01 -1.062589e+00 1.718167e+00 1.471995e+00 ;
	-4.001096e-01 -8.577377e-01 1.896565e+00 2.098139e+00 ;
	-4.589091e-01 -2.965509e-01 2.141171e+00 2.801860e+00 ;
	-4.529699e-01 4.286892e-01 2.459137e+00 3.558948e+00 ;
	-3.741395e-01 1.114803e+00 2.850132e+00 4.220311e+00 ;
	-2.442122e-01 1.389361e+00 3.287866e+00 4.433978e+00 ;
	-1.148542e-01 1.137161e+00 3.716823e+00 4.073420e+00 ;
	-2.154197e-02 7.344533e-01 4.094688e+00 3.468874e+00 ;
	3.649176e-02 4.554714e-01 4.410100e+00 2.841202e+00 ;
	7.581639e-02 3.607740e-01 4.663399e+00 2.226009e+00 ;
	1.028573e-01 2.052415e-01 4.855431e+00 1.618012e+00 ;
	1.143853e-01 4.226007e-02 4.988194e+00 1.040170e+00 ;
	1.186657e-01 5.157407e-02 5.062959e+00 4.558601e-01 ;
	1.371495e-01 3.167520e-01 5.076921e+00 -1.761691e-01 ;
	1.828706e-01 5.885024e-01 5.027505e+00 -8.106149e-01 ;
	2.522486e-01 7.829255e-01 4.915169e+00 -1.434302e+00 ;
	3.355225e-01 8.600206e-01 4.740957e+00 -2.049029e+00 ;
	4.123047e-01 6.494825e-01 4.505166e+00 -2.671278e+00 ;
	4.483722e-01 4.366362e-02 4.203413e+00 -3.376874e+00 ;
	4.114012e-01 -7.977311e-01 3.825828e+00 -4.180625e+00 ;
	2.916139e-01 -1.539926e+00 3.370880e+00 -4.859596e+00 ;
	1.254079e-01 -1.656487e+00 2.875521e+00 -4.920573e+00 ;
	-1.888886e-02 -1.180267e+00 2.408031e+00 -4.371287e+00 ;
	-1.099395e-01 -6.644471e-01 2.005128e+00 -3.687781e+00 ;
	-1.589947e-01 -3.556123e-01 1.668904e+00 -3.044384e+00 ;
	-1.887017e-01 -2.732207e-01 1.395181e+00 -2.432783e+00 ;
	-2.082956e-01 -1.447742e-01 1.180424e+00 -1.866832e+00 ;
	-2.100484e-01 9.306665e-02 1.017936e+00 -1.389431e+00 ;
	-1.923067e-01 2.520124e-01 9.014267e-01 -9.457361e-01 ;
	-1.611295e-01 3.662661e-01 8.279586e-01 -5.270679e-01 ;
	-1.198296e-01 4.571860e-01 7.955318e-01 -1.229015e-01 ;
	-8.270443e-02 2.883455e-01 8.088995e-01 3.897036e-01 ;
	-7.368913e-02 -9.656703e-02 8.788161e-01 1.006518e+00 ;
	-9.906444e-02 -3.934657e-01 1.009780e+00 1.610946e+00 ;
	-1.481408e-01 -5.635945e-01 1.200672e+00 2.205854e+00 ;
	-2.061538e-01 -5.654662e-01 1.450928e+00 2.800775e+00 ;
	-2.544760e-01 -3.658050e-01 1.761563e+00 3.418008e+00 ;
	-2.608677e-01 2.693179e-01 2.138297e+00 4.132438e+00 ;
	-1.840182e-01 1.264134e+00 2.594940e+00 4.997312e+00 ;
	-2.028559e-02 1.881506e+00 3.127081e+00 5.527805e+00 ;
	1.585386e-01 1.562681e+00 3.669093e+00 5.186379e+00 ;
	2.795723e-01 8.570322e-01 4.151500e+00 4.448963e+00 ;
	3.334484e-01 2.670271e-01 4.560287e+00 3.745440e+00 ;
	3.360791e-01 -1.675819e-01 4.903609e+00 3.136818e+00 ;
	3.039083e-01 -4.406552e-01 5.190627e+00 2.613903e+00 ;
	2.503703e-01 -6.075833e-01 5.429190e+00 2.166757e+00 ;
	1.865205e-01 -6.573164e-01 5.625548e+00 1.770335e+00 ;
	1.215841e-01 -6.370938e-01 5.784818e+00 1.426325e+00 ;
	6.209053e-02 -5.534196e-01 5.911648e+00 1.122009e+00 ;
	1.300595e-02 -4.315763e-01 6.010032e+00 8.568360e-01 ;
	-2.338303e-02 -3.004026e-01 6.084126e+00 6.347874e-01 ;
	-4.776393e-02 -1.910838e-01 6.138649e+00 4.634876e-01 ;
	-6.204922e-02 -9.787111e-02 6.178023e+00 3.299850e-01 ;
	-6.862707e-02 -3.604224e-02 6.206114e+00 2.361705e-01 ;
	-6.969476e-02 1.290596e-02 6.226008e+00 1.648704e-01 ;
	-6.672328e-02 4.529374e-02 6.239847e+00 1.141006e-01 ;
	-6.126515e-02 6.307930e-02 6.249454e+00 7.954110e-02 ;
	-5.469528e-02 6.787153e-02 6.256286e+00 5.806729e-02 ;
	-4.784222e-02 6.889913e-02 6.261281e+00 4.254057e-02 ;
	-4.109653e-02 6.585531e-02 6.264994e+00 3.220139e-02 ;
	-3.476107e-02 6.077221e-02 6.267844e+00 2.513222e-02 ;
	-2.894761e-02 5.545286e-02 6.270075e+00 1.976019e-02 ;
	-2.368528e-02 4.978047e-02 6.271845e+00 1.582848e-02 ;
	-1.899008e-02 4.412869e-02 6.273273e+00 1.285947e-02 ;
	-1.490414e-02 3.762078e-02 6.274471e+00 1.122385e-02 ;
	-1.132915e-02 3.388033e-02 6.275454e+00 8.533035e-03 ;
	-8.221295e-03 2.831542e-02 6.276254e+00 7.520451e-03 ;
	-5.654926e-03 2.305090e-02 6.276967e+00 6.782441e-03 ;
	-3.650780e-03 1.708318e-02 6.277649e+00 6.907301e-03 ;
	-2.192742e-03 1.211378e-02 6.278333e+00 6.828198e-03 ;
	-1.195246e-03 7.862236e-03 6.279008e+00 6.717165e-03 ;
	-5.804998e-04 4.447264e-03 6.279665e+00 6.492264e-03 ;
	-2.495819e-04 2.170859e-03 6.280284e+00 5.948831e-03 ;
	-1.072420e-04 6.675138e-04 6.280843e+00 5.283948e-03 ;
	-9.022249e-05 -3.393190e-04 6.281336e+00 4.630894e-03 ;
	-1.536550e-04 -9.440009e-04 6.281765e+00 4.009271e-03 ;
	-2.491132e-04 -9.845102e-04 6.282127e+00 3.278056e-03 ;
	-3.301748e-04 -6.574588e-04 6.282414e+00 2.516579e-03 ;
	-3.671660e-04 -1.023471e-04 6.282627e+00 1.765785e-03 ;
	-3.496690e-04 4.363303e-04 6.282770e+00 1.133746e-03 ;
	-2.852468e-04 8.411928e-04 6.282859e+00 6.557083e-04 ;
	-1.906118e-04 1.045724e-03 6.282908e+00 3.444792e-04 ;
	-8.379400e-05 1.088609e-03 6.282933e+00 1.565222e-04 ;
