NMPC_SIM.state_history = [7.000000e+00 1.000000e+01 0.000000e+00 0.000000e+00 0.000000e+00 0.000000e+00 0.000000e+00 0.000000e+00 0.000000e+00 0.000000e+00 0.000000e+00 0.000000e+00 ;
	7.000000e+00 1.000000e+01 0.000000e+00 0.000000e+00 0.000000e+00 0.000000e+00 0.000000e+00 0.000000e+00 0.000000e+00 0.000000e+00 0.000000e+00 0.000000e+00 ;
	7.000000e+00 1.000000e+01 -1.637221e-05 -2.188483e-06 1.308278e-06 6.254700e-07 2.136178e-07 3.573395e-07 -6.548882e-04 -8.753934e-05 5.233112e-05 2.501876e-05 ;
	7.000000e+00 1.000000e+01 1.817942e-05 -4.776050e-06 1.375462e-05 4.691090e-06 3.120069e-06 2.221862e-06 2.036953e-03 -1.596283e-05 4.455227e-04 1.376060e-04 ;
	7.000000e+00 1.000000e+01 -3.198861e-05 5.356064e-07 1.753015e-04 5.160845e-05 3.766703e-05 3.743633e-06 -4.043675e-03 2.285155e-04 6.016353e-03 1.739100e-03 ;
	7.000006e+00 1.000000e+01 -3.195556e-04 -8.444236e-06 5.209681e-04 1.467138e-04 2.035972e-04 4.030836e-06 -7.459014e-03 -5.876669e-04 7.810306e-03 2.065064e-03 ;
	7.000024e+00 1.000000e+01 -7.362430e-04 -3.822722e-05 9.787461e-04 3.275002e-04 5.646085e-04 1.548892e-05 -9.208513e-03 -6.032569e-04 1.050079e-02 5.166378e-03 ;
	7.000067e+00 1.000000e+01 -9.813326e-04 -4.403765e-05 1.537419e-03 6.624386e-04 1.189726e-03 3.835473e-05 -5.951254e-04 3.713054e-04 1.184615e-02 8.231249e-03 ;
	7.000148e+00 1.000000e+01 -9.911420e-04 -1.020015e-05 2.369517e-03 1.138053e-03 2.129814e-03 5.378363e-05 2.026153e-04 9.831081e-04 2.143782e-02 1.079349e-02 ;
	7.000288e+00 1.000001e+01 -1.069760e-03 -2.192786e-05 3.544545e-03 1.721367e-03 3.561368e-03 5.873055e-05 -3.347605e-03 -1.451505e-03 2.556317e-02 1.253857e-02 ;
	7.000514e+00 1.000001e+01 -1.412713e-03 -1.308650e-04 4.853388e-03 2.464490e-03 5.588931e-03 9.698360e-05 -1.037098e-02 -2.904386e-03 2.679035e-02 1.718600e-02 ;
	7.000857e+00 1.000002e+01 -2.229418e-03 -2.796341e-04 6.357095e-03 3.387255e-03 8.258078e-03 2.027693e-04 -2.229788e-02 -3.044918e-03 3.335785e-02 1.972444e-02 ;
	7.001354e+00 1.000003e+01 -3.370836e-03 -3.824617e-04 7.984432e-03 4.408550e-03 1.177041e-02 3.825724e-04 -2.335979e-02 -1.067747e-03 3.173577e-02 2.112794e-02 ;
	7.002048e+00 1.000006e+01 -4.536315e-03 -4.971410e-04 9.867221e-03 5.628622e-03 1.612422e-02 6.151735e-04 -2.326075e-02 -3.515149e-03 4.357536e-02 2.767399e-02 ;
	7.002996e+00 1.000010e+01 -4.539065e-03 -6.248874e-04 1.220067e-02 7.122889e-03 2.203277e-02 9.584355e-04 2.314845e-02 -1.591348e-03 4.976262e-02 3.209739e-02 ;
	7.004264e+00 1.000015e+01 -2.938595e-03 -7.080981e-04 1.481136e-02 8.820596e-03 2.888390e-02 1.351598e-03 4.086734e-02 -1.733964e-03 5.466493e-02 3.581086e-02 ;
	7.005896e+00 1.000023e+01 -1.240037e-03 -7.928361e-04 1.760188e-02 1.062648e-02 3.660193e-02 1.784799e-03 2.707137e-02 -1.654782e-03 5.695571e-02 3.642439e-02 ;
	7.007951e+00 1.000033e+01 3.275811e-06 -8.942626e-04 2.031032e-02 1.254581e-02 4.582326e-02 2.300331e-03 2.265696e-02 -2.400520e-03 5.138170e-02 4.034882e-02 ;
	7.010494e+00 1.000046e+01 7.716921e-04 -1.051705e-03 2.290079e-02 1.457852e-02 5.609844e-02 2.900120e-03 8.075235e-03 -3.896636e-03 5.223692e-02 4.095893e-02 ;
	7.013595e+00 1.000063e+01 1.368498e-03 -1.299498e-03 2.556767e-02 1.688506e-02 6.815948e-02 3.671177e-03 1.579162e-02 -6.007785e-03 5.443741e-02 5.130198e-02 ;
	7.017321e+00 1.000083e+01 1.941324e-03 -1.600642e-03 2.820034e-02 1.962693e-02 8.110821e-02 4.606498e-03 7.115680e-03 -6.034139e-03 5.086882e-02 5.837324e-02 ;
	7.021733e+00 1.000109e+01 2.314244e-03 -1.753049e-03 3.082012e-02 2.261613e-02 9.558006e-02 5.748772e-03 7.794783e-03 -5.945703e-05 5.392373e-02 6.119734e-02 ;
	7.026893e+00 1.000141e+01 2.477924e-03 -1.921786e-03 3.337089e-02 2.575304e-02 1.110238e-01 6.994500e-03 -1.254204e-03 -6.689673e-03 4.810533e-02 6.427656e-02 ;
	7.032862e+00 1.000179e+01 2.412991e-03 -2.215008e-03 3.550696e-02 2.905286e-02 1.279073e-01 8.476028e-03 -1.349150e-03 -5.040276e-03 3.733772e-02 6.771725e-02 ;
	7.039705e+00 1.000226e+01 2.509360e-03 -2.495692e-03 3.733095e-02 3.259983e-02 1.459762e-01 1.020267e-02 5.198318e-03 -6.184649e-03 3.562101e-02 7.416134e-02 ;
	7.047452e+00 1.000282e+01 2.356722e-03 -2.785444e-03 3.906853e-02 3.637594e-02 1.640407e-01 1.208079e-02 -1.130914e-02 -5.404801e-03 3.388252e-02 7.688350e-02 ;
	7.056139e+00 1.000347e+01 1.781905e-03 -3.018834e-03 4.071942e-02 4.035935e-02 1.835384e-01 1.425665e-02 -1.168897e-02 -3.929040e-03 3.215305e-02 8.245349e-02 ;
	7.065824e+00 1.000425e+01 1.290565e-03 -3.233045e-03 4.240086e-02 4.463247e-02 2.039997e-01 1.667265e-02 -7.970448e-03 -4.635822e-03 3.510420e-02 8.847120e-02 ;
	7.076540e+00 1.000514e+01 7.050841e-04 -3.441401e-03 4.398975e-02 4.918605e-02 2.247914e-01 1.926564e-02 -1.545436e-02 -3.698861e-03 2.845123e-02 9.367246e-02 ;
	7.088340e+00 1.000618e+01 3.496348e-04 -3.649950e-03 4.522923e-02 5.405303e-02 2.473243e-01 2.222989e-02 1.231652e-03 -4.643825e-03 2.112727e-02 1.010068e-01 ;
	7.101252e+00 1.000737e+01 1.923432e-04 -4.039462e-03 4.607056e-02 5.931350e-02 2.692087e-01 2.531551e-02 -7.526520e-03 -1.093866e-02 1.252299e-02 1.094114e-01 ;
	7.115280e+00 1.000872e+01 -1.169101e-04 -4.621037e-03 4.681688e-02 6.487957e-02 2.919436e-01 2.886808e-02 -4.846663e-03 -1.232143e-02 1.732864e-02 1.132312e-01 ;
	7.130458e+00 1.001026e+01 -1.698559e-04 -5.048912e-03 4.751341e-02 7.069930e-02 3.152484e-01 3.288196e-02 2.725932e-03 -4.795666e-03 1.053506e-02 1.195590e-01 ;
	7.146802e+00 1.001201e+01 1.217300e-05 -5.252319e-03 4.792508e-02 7.687383e-02 3.385179e-01 3.715001e-02 4.553522e-03 -3.342185e-03 5.932078e-03 1.274226e-01 ;
	7.164307e+00 1.001398e+01 1.678785e-04 -5.469488e-03 4.816907e-02 8.337247e-02 3.616846e-01 4.163121e-02 1.673648e-03 -5.345410e-03 3.826350e-03 1.325230e-01 ;
	7.182981e+00 1.001618e+01 3.738124e-04 -5.737056e-03 4.826900e-02 9.017295e-02 3.852671e-01 4.647153e-02 6.563184e-03 -5.359185e-03 1.706621e-04 1.394958e-01 ;
	7.202819e+00 1.001863e+01 5.435846e-04 -6.195021e-03 4.808759e-02 9.722266e-02 4.082551e-01 5.152068e-02 2.281955e-04 -1.296400e-02 -7.431600e-03 1.424931e-01 ;
	7.223799e+00 1.002134e+01 3.378101e-04 -6.904065e-03 4.757732e-02 1.043721e-01 4.308954e-01 5.698080e-02 -8.457593e-03 -1.540115e-02 -1.298073e-02 1.434856e-01 ;
	7.245921e+00 1.002434e+01 9.074272e-05 -7.659410e-03 4.681038e-02 1.116837e-01 4.538749e-01 6.312166e-02 -1.422544e-03 -1.481656e-02 -1.769725e-02 1.489781e-01 ;
	7.269190e+00 1.002766e+01 4.596433e-04 -8.214293e-03 4.594515e-02 1.192205e-01 4.768309e-01 6.986328e-02 1.618159e-02 -7.379073e-03 -1.690841e-02 1.524923e-01 ;
	7.293578e+00 1.003133e+01 1.327249e-03 -8.554915e-03 4.486500e-02 1.269855e-01 4.985655e-01 7.672214e-02 1.852642e-02 -6.253377e-03 -2.629747e-02 1.581084e-01 ;
	7.319019e+00 1.003533e+01 1.942523e-03 -8.969055e-03 4.342190e-02 1.350183e-01 5.189651e-01 8.363003e-02 6.089318e-03 -1.031741e-02 -3.142938e-02 1.632041e-01 ;
	7.345479e+00 1.003970e+01 2.369806e-03 -9.670435e-03 4.190359e-02 1.434388e-01 5.392657e-01 9.112456e-02 1.100684e-02 -1.774018e-02 -2.930968e-02 1.736163e-01 ;
	7.372901e+00 1.004444e+01 2.286057e-03 -1.071520e-02 4.039684e-02 1.523780e-01 5.575137e-01 9.862734e-02 -1.435284e-02 -2.405560e-02 -3.096697e-02 1.839554e-01 ;
	7.401251e+00 1.004959e+01 1.875020e-03 -1.198378e-02 3.872947e-02 1.616801e-01 5.762876e-01 1.073753e-01 -2.084300e-03 -2.669291e-02 -3.573081e-02 1.881304e-01 ;
	7.430506e+00 1.005519e+01 1.878777e-03 -1.338163e-02 3.698984e-02 1.711784e-01 5.937277e-01 1.166671e-01 2.238547e-03 -2.922121e-02 -3.385750e-02 1.918028e-01 ;
	7.460604e+00 1.006127e+01 2.036702e-03 -1.458436e-02 3.513807e-02 1.809512e-01 6.100190e-01 1.265832e-01 4.082556e-03 -1.889647e-02 -4.020745e-02 1.991069e-01 ;
	7.491477e+00 1.006785e+01 1.925059e-03 -1.543408e-02 3.316874e-02 1.908890e-01 6.247333e-01 1.366609e-01 -8.543934e-03 -1.509075e-02 -3.856260e-02 1.984034e-01 ;
	7.523065e+00 1.007494e+01 1.381960e-03 -1.616653e-02 3.128706e-02 2.009210e-01 6.385984e-01 1.472444e-01 -1.317607e-02 -1.420787e-02 -3.670467e-02 2.028738e-01 ;
