NMPC_SIM.state_history = [7.000000e+00 1.000000e+01 0.000000e+00 0.000000e+00 0.000000e+00 0.000000e+00 0.000000e+00 0.000000e+00 0.000000e+00 0.000000e+00 0.000000e+00 0.000000e+00 ;
	7.000000e+00 1.000000e+01 0.000000e+00 0.000000e+00 0.000000e+00 0.000000e+00 0.000000e+00 0.000000e+00 0.000000e+00 0.000000e+00 0.000000e+00 0.000000e+00 ;
	7.000000e+00 1.000000e+01 -1.560450e-06 4.065533e-07 5.004847e-06 -3.007160e-08 8.181884e-07 -6.646303e-08 -6.241799e-05 1.626213e-05 2.001939e-04 -1.202837e-06 ;
	7.000000e+00 1.000000e+01 -1.088619e-05 -7.539385e-06 7.841768e-05 3.360009e-06 1.608663e-05 9.663300e-07 -3.106117e-04 -3.340964e-04 2.736319e-03 1.367984e-04 ;
	7.000003e+00 1.000000e+01 -1.605750e-06 -3.222829e-05 2.453391e-04 1.297802e-05 9.318246e-05 1.008574e-05 6.818215e-04 -6.534541e-04 3.940537e-03 2.479081e-04 ;
	7.000011e+00 1.000000e+01 7.333478e-05 -7.359881e-05 5.073472e-04 3.963681e-05 2.730632e-04 3.541760e-05 2.315799e-03 -1.001323e-03 6.539781e-03 8.184102e-04 ;
	7.000033e+00 1.000000e+01 1.506050e-04 -1.501741e-04 8.915410e-04 9.249469e-05 6.103976e-04 8.798779e-05 7.749875e-04 -2.061632e-03 8.827958e-03 1.295808e-03 ;
	7.000076e+00 1.000001e+01 1.949529e-04 -2.175033e-04 1.410908e-03 2.440983e-04 1.168940e-03 1.812164e-04 9.988785e-04 -6.310467e-04 1.194668e-02 4.768431e-03 ;
	7.000155e+00 1.000002e+01 3.157405e-04 -2.421527e-04 2.179666e-03 5.520077e-04 2.040477e-03 2.955144e-04 3.832507e-03 -3.542170e-04 1.880366e-02 7.547954e-03 ;
	7.000288e+00 1.000004e+01 3.361774e-04 -2.717923e-04 3.205976e-03 9.359360e-04 3.335834e-03 4.198172e-04 -3.015264e-03 -8.311910e-04 2.224872e-02 7.809079e-03 ;
	7.000498e+00 1.000006e+01 1.976375e-04 -3.175652e-04 4.401318e-03 1.391461e-03 5.196438e-03 5.663268e-04 -2.526712e-03 -9.988204e-04 2.556490e-02 1.041185e-02 ;
	7.000817e+00 1.000010e+01 1.582898e-05 -3.368118e-04 5.721066e-03 1.981860e-03 7.664087e-03 7.327540e-04 -4.746167e-03 2.299604e-04 2.722506e-02 1.320440e-02 ;
	7.001277e+00 1.000014e+01 -3.627026e-05 -3.688931e-04 7.233829e-03 2.639571e-03 1.087632e-02 9.122954e-04 2.661387e-03 -1.512920e-03 3.328535e-02 1.310356e-02 ;
	7.001917e+00 1.000019e+01 1.775114e-04 -4.931751e-04 8.951814e-03 3.333037e-03 1.486699e-02 1.133057e-03 5.888733e-03 -3.457585e-03 3.543389e-02 1.463448e-02 ;
	7.002777e+00 1.000025e+01 3.318835e-04 -6.768865e-04 1.095327e-02 4.188797e-03 1.967343e-02 1.433930e-03 2.845372e-04 -3.887736e-03 4.462411e-02 1.959554e-02 ;
	7.003906e+00 1.000033e+01 4.973015e-04 -9.065983e-04 1.327913e-02 5.272516e-03 2.568022e-02 1.852599e-03 6.329839e-03 -5.297984e-03 4.841011e-02 2.375260e-02 ;
	7.005361e+00 1.000044e+01 6.834731e-04 -1.153589e-03 1.575017e-02 6.542868e-03 3.271727e-02 2.395605e-03 1.114107e-03 -4.579390e-03 5.043114e-02 2.706174e-02 ;
	7.007205e+00 1.000058e+01 1.031345e-03 -1.336968e-03 1.831172e-02 8.122696e-03 4.126256e-02 3.087408e-03 1.279708e-02 -2.749708e-03 5.203092e-02 3.613231e-02 ;
	7.009501e+00 1.000075e+01 1.614497e-03 -1.411095e-03 2.094228e-02 9.999488e-03 5.083736e-02 3.850416e-03 1.052479e-02 -2.133579e-04 5.319173e-02 3.894061e-02 ;
	7.012312e+00 1.000096e+01 2.219152e-03 -1.586018e-03 2.354306e-02 1.210344e-02 6.181501e-02 4.698132e-03 1.365667e-02 -6.779945e-03 5.083822e-02 4.521490e-02 ;
	7.015701e+00 1.000122e+01 2.852598e-03 -1.918453e-03 2.610096e-02 1.440259e-02 7.392978e-02 5.715738e-03 1.167592e-02 -6.516322e-03 5.147770e-02 4.675115e-02 ;
	7.019722e+00 1.000154e+01 3.242972e-03 -2.200073e-03 2.867450e-02 1.694166e-02 8.713748e-02 6.920755e-03 3.933336e-03 -4.743280e-03 5.146358e-02 5.481250e-02 ;
	7.024432e+00 1.000192e+01 3.127117e-03 -2.461244e-03 3.126790e-02 1.971914e-02 1.014434e-01 8.296032e-03 -8.573785e-03 -5.702448e-03 5.227213e-02 5.628628e-02 ;
	7.029907e+00 1.000237e+01 2.997656e-03 -2.684999e-03 3.376351e-02 2.270846e-02 1.177657e-01 9.941203e-03 3.388494e-03 -3.244523e-03 4.755231e-02 6.328814e-02 ;
	7.036209e+00 1.000291e+01 2.918876e-03 -2.929497e-03 3.606648e-02 2.594508e-02 1.345198e-01 1.169265e-02 -6.546186e-03 -6.534539e-03 4.456587e-02 6.617571e-02 ;
	7.043382e+00 1.000355e+01 2.502405e-03 -3.126948e-03 3.815546e-02 2.945087e-02 1.525617e-01 1.367882e-02 -1.011899e-02 -1.360941e-03 3.899414e-02 7.405797e-02 ;
	7.051483e+00 1.000428e+01 1.960742e-03 -3.266834e-03 3.992737e-02 3.326366e-02 1.716214e-01 1.583620e-02 -1.155319e-02 -4.234856e-03 3.188154e-02 7.845298e-02 ;
	7.060574e+00 1.000513e+01 1.746247e-03 -3.463644e-03 4.163579e-02 3.725742e-02 1.921459e-01 1.826351e-02 2.967495e-03 -3.634802e-03 3.645489e-02 8.129761e-02 ;
	7.070704e+00 1.000611e+01 2.050154e-03 -3.671819e-03 4.346530e-02 4.144717e-02 2.132075e-01 2.086558e-02 9.182265e-03 -4.689820e-03 3.672513e-02 8.629195e-02 ;
	7.081895e+00 1.000722e+01 2.346602e-03 -3.962571e-03 4.517066e-02 4.589151e-02 2.345805e-01 2.364587e-02 2.669448e-03 -6.940009e-03 3.148827e-02 9.148147e-02 ;
	7.094166e+00 1.000848e+01 2.159953e-03 -4.339337e-03 4.644334e-02 5.067832e-02 2.563802e-01 2.668366e-02 -1.014015e-02 -8.132704e-03 1.941772e-02 9.999131e-02 ;
	7.107578e+00 1.000990e+01 2.140558e-03 -4.750888e-03 4.720421e-02 5.589231e-02 2.801382e-01 3.027357e-02 9.361159e-03 -8.331333e-03 1.101610e-02 1.085685e-01 ;
	7.122148e+00 1.001151e+01 2.317278e-03 -5.227473e-03 4.782432e-02 6.149986e-02 3.027225e-01 3.399124e-02 -2.294919e-03 -1.072966e-02 1.378636e-02 1.157332e-01 ;
	7.137868e+00 1.001331e+01 2.201953e-03 -5.714847e-03 4.833005e-02 6.736670e-02 3.261140e-01 3.819653e-02 -2.320287e-03 -8.768466e-03 6.443588e-03 1.189414e-01 ;
	7.154763e+00 1.001534e+01 2.103868e-03 -6.043475e-03 4.865073e-02 7.343961e-02 3.496889e-01 4.276618e-02 -1.604531e-03 -4.376290e-03 6.385025e-03 1.239751e-01 ;
	7.172844e+00 1.001760e+01 2.163148e-03 -6.420125e-03 4.884965e-02 7.973445e-02 3.735952e-01 4.769151e-02 3.974719e-03 -1.069203e-02 1.568316e-03 1.278183e-01 ;
	7.192117e+00 1.002011e+01 2.413802e-03 -7.159143e-03 4.873431e-02 8.618911e-02 3.973050e-01 5.300590e-02 6.051512e-03 -1.887289e-02 -6.186260e-03 1.303687e-01 ;
	7.212559e+00 1.002290e+01 2.519180e-03 -7.890930e-03 4.831009e-02 9.279273e-02 4.203297e-01 5.873923e-02 -1.835193e-03 -1.040151e-02 -1.077861e-02 1.337757e-01 ;
	7.234133e+00 1.002599e+01 1.976323e-03 -8.408196e-03 4.770823e-02 9.957794e-02 4.425592e-01 6.475644e-02 -1.987713e-02 -1.029114e-02 -1.329620e-02 1.376330e-01 ;
	7.256812e+00 1.002938e+01 5.880982e-04 -8.959342e-03 4.711312e-02 1.065563e-01 4.645338e-01 7.117508e-02 -3.565000e-02 -1.175364e-02 -1.050930e-02 1.415018e-01 ;
	7.280626e+00 1.003313e+01 -5.995211e-04 -9.702822e-03 4.653276e-02 1.137480e-01 4.879642e-01 7.858600e-02 -1.185303e-02 -1.798752e-02 -1.270945e-02 1.461667e-01 ;
	7.305583e+00 1.003725e+01 -1.003322e-03 -1.053403e-02 4.589527e-02 1.211598e-01 5.102472e-01 8.630053e-02 -4.297251e-03 -1.526145e-02 -1.278923e-02 1.503057e-01 ;
	7.331621e+00 1.004176e+01 -1.545095e-03 -1.131088e-02 4.515269e-02 1.288918e-01 5.311841e-01 9.419111e-02 -1.737163e-02 -1.581691e-02 -1.691611e-02 1.589743e-01 ;
	7.358699e+00 1.004668e+01 -2.602248e-03 -1.188146e-02 4.415143e-02 1.369762e-01 5.518402e-01 1.026266e-01 -2.491143e-02 -7.011793e-03 -2.312937e-02 1.644007e-01 ;
	7.386810e+00 1.005203e+01 -3.648556e-03 -1.219242e-02 4.285900e-02 1.453578e-01 5.724901e-01 1.116299e-01 -1.693651e-02 -5.432413e-03 -2.856722e-02 1.708605e-01 ;
	7.415929e+00 1.005784e+01 -4.427098e-03 -1.261254e-02 4.121353e-02 1.541045e-01 5.921103e-01 1.207685e-01 -1.419989e-02 -1.138210e-02 -3.725636e-02 1.790117e-01 ;
	7.446007e+00 1.006411e+01 -5.011334e-03 -1.309302e-02 3.924334e-02 1.631094e-01 6.108062e-01 1.302209e-01 -9.163534e-03 -7.841434e-03 -4.154916e-02 1.811820e-01 ;
	7.477009e+00 1.007088e+01 -4.841473e-03 -1.359501e-02 3.726009e-02 1.721616e-01 6.291073e-01 1.402914e-01 1.596391e-02 -1.223539e-02 -3.778375e-02 1.809092e-01 ;
	7.508871e+00 1.007813e+01 -4.250838e-03 -1.418253e-02 3.527123e-02 1.813454e-01 6.451590e-01 1.499674e-01 7.666657e-03 -1.127092e-02 -4.177043e-02 1.864399e-01 ;
