NMPC_SIM.state_history = [0.000000e+00 0.000000e+00 3.141593e+00 0.000000e+00 ;
	-1.475359e-02 -2.902760e-01 3.132421e+00 -1.795108e-01 ;
	-5.695416e-02 -5.484808e-01 3.106746e+00 -3.280857e-01 ;
	-1.232821e-01 -7.725540e-01 3.068208e+00 -4.352715e-01 ;
	-2.102792e-01 -9.618862e-01 3.021331e+00 -4.940360e-01 ;
	-3.085278e-01 -1.000087e+00 2.974821e+00 -4.296142e-01 ;
	-3.987240e-01 -8.054335e-01 2.943360e+00 -1.975606e-01 ;
	-4.579302e-01 -3.848229e-01 2.942808e+00 1.827967e-01 ;
	-4.770972e-01 -5.274534e-03 2.978720e+00 5.279447e-01 ;
	-4.605609e-01 3.280443e-01 3.046422e+00 8.146600e-01 ;
	-4.133449e-01 6.067982e-01 3.138889e+00 1.019512e+00 ;
	-3.413132e-01 8.235171e-01 3.246926e+00 1.123730e+00 ;
	-2.507547e-01 9.781338e-01 3.359996e+00 1.120214e+00 ;
	-1.474434e-01 1.080933e+00 3.467599e+00 1.016740e+00 ;
	-3.575044e-02 1.148614e+00 3.560618e+00 8.321093e-01 ;
	8.157825e-02 1.195915e+00 3.632026e+00 5.882345e-01 ;
	2.032191e-01 1.236038e+00 3.677060e+00 3.079109e-01 ;
	3.229868e-01 1.160469e+00 3.689963e+00 -5.028555e-02 ;
	4.218914e-01 8.213251e-01 3.659934e+00 -5.461899e-01 ;
	4.799107e-01 3.434684e-01 3.577492e+00 -1.094608e+00 ;
	4.917713e-01 -9.888795e-02 3.443281e+00 -1.574788e+00 ;
	4.624155e-01 -4.733704e-01 3.266576e+00 -1.934175e+00 ;
	4.010282e-01 -7.325981e-01 3.062634e+00 -2.110615e+00 ;
	3.205012e-01 -8.575506e-01 2.851663e+00 -2.074847e+00 ;
	2.328472e-01 -8.844585e-01 2.653797e+00 -1.857321e+00 ;
	1.448113e-01 -8.746707e-01 2.484228e+00 -1.518830e+00 ;
	5.760396e-02 -8.728573e-01 2.352329e+00 -1.110695e+00 ;
	-3.059514e-02 -8.951629e-01 2.263343e+00 -6.644886e-01 ;
	-1.220862e-01 -9.367806e-01 2.220073e+00 -1.988535e-01 ;
	-2.180833e-01 -9.823641e-01 2.223783e+00 2.730911e-01 ;
	-3.181003e-01 -1.014529e+00 2.274507e+00 7.393452e-01 ;
	-4.115178e-01 -8.496948e-01 2.374581e+00 1.258149e+00 ;
	-4.741381e-01 -3.996633e-01 2.531089e+00 1.865777e+00 ;
	-4.871399e-01 1.339687e-01 2.747889e+00 2.453493e+00 ;
	-4.505163e-01 5.720917e-01 3.016279e+00 2.875245e+00 ;
	-3.802520e-01 7.917467e-01 3.312746e+00 2.998414e+00 ;
	-3.000340e-01 7.838330e-01 3.605048e+00 2.802639e+00 ;
	-2.267859e-01 6.764972e-01 3.866489e+00 2.403319e+00 ;
	-1.639018e-01 5.905946e-01 4.082744e+00 1.912273e+00 ;
	-1.062411e-01 5.751227e-01 4.247688e+00 1.382166e+00 ;
	-4.654704e-02 6.285213e-01 4.358506e+00 8.315812e-01 ;
	2.092081e-02 7.253914e-01 4.413604e+00 2.689885e-01 ;
	9.883237e-02 8.314808e-01 4.412141e+00 -2.984166e-01 ;
	1.863428e-01 9.118134e-01 4.353997e+00 -8.634821e-01 ;
	2.793216e-01 9.366896e-01 4.239749e+00 -1.419302e+00 ;
	3.607635e-01 6.795183e-01 4.067472e+00 -2.024975e+00 ;
	4.002051e-01 9.902561e-02 3.830202e+00 -2.718358e+00 ;
	3.784037e-01 -5.238233e-01 3.524912e+00 -3.364573e+00 ;
	3.020598e-01 -9.493767e-01 3.166076e+00 -3.747392e+00 ;
	2.020943e-01 -9.878934e-01 2.791328e+00 -3.672463e+00 ;
	1.133256e-01 -7.676560e-01 2.443453e+00 -3.247566e+00 ;
	4.856778e-02 -5.402033e-01 2.145909e+00 -2.693532e+00 ;
	1.351938e-03 -4.258984e-01 1.905614e+00 -2.110102e+00 ;
	-3.778058e-02 -3.773811e-01 1.724749e+00 -1.506787e+00 ;
	-7.663062e-02 -4.136343e-01 1.604483e+00 -8.978103e-01 ;
	-1.233017e-01 -5.257879e-01 1.545332e+00 -2.845391e-01 ;
	-1.855207e-01 -7.161844e-01 1.547701e+00 3.318155e-01 ;
	-2.652848e-01 -8.695855e-01 1.611572e+00 9.445957e-01 ;
	-3.568512e-01 -9.460909e-01 1.736374e+00 1.550171e+00 ;
	-4.420460e-01 -7.385542e-01 1.922587e+00 2.176217e+00 ;
	-4.886462e-01 -1.718870e-01 2.175159e+00 2.882700e+00 ;
	-4.699454e-01 5.562288e-01 2.501235e+00 3.637582e+00 ;
	-3.795221e-01 1.211091e+00 2.898782e+00 4.265041e+00 ;
	-2.433714e-01 1.416137e+00 3.337462e+00 4.406382e+00 ;
	-1.137287e-01 1.124969e+00 3.760957e+00 3.999644e+00 ;
	-2.157447e-02 7.281674e-01 4.130856e+00 3.386985e+00 ;
	3.679850e-02 4.691589e-01 4.438148e+00 2.760983e+00 ;
	6.968030e-02 2.204463e-01 4.682450e+00 2.130631e+00 ;
	8.019890e-02 1.439150e-02 4.865104e+00 1.526672e+00 ;
	7.833657e-02 -3.667447e-02 4.988111e+00 9.348428e-01 ;
	8.192425e-02 1.141608e-01 5.050972e+00 3.223420e-01 ;
	1.065290e-01 3.750256e-01 5.051567e+00 -3.098343e-01 ;
	1.572834e-01 6.294292e-01 4.988885e+00 -9.421519e-01 ;
	2.295300e-01 7.979863e-01 4.863509e+00 -1.563654e+00 ;
	3.126968e-01 8.417343e-01 4.676419e+00 -2.177579e+00 ;
	3.826556e-01 5.309950e-01 4.427193e+00 -2.813493e+00 ;
	4.017220e-01 -1.771833e-01 4.109467e+00 -3.555442e+00 ;
	3.432449e-01 -9.946749e-01 3.714218e+00 -4.344278e+00 ;
	2.082842e-01 -1.621630e+00 3.247339e+00 -4.910593e+00 ;
	4.366393e-02 -1.553168e+00 2.756604e+00 -4.785142e+00 ;
	-8.689447e-02 -1.033591e+00 2.306869e+00 -4.172631e+00 ;
	-1.654392e-01 -5.677042e-01 1.923601e+00 -3.497632e+00 ;
	-2.079996e-01 -3.217516e-01 1.605776e+00 -2.865191e+00 ;
	-2.258406e-01 -6.902584e-02 1.349425e+00 -2.269168e+00 ;
	-2.160755e-01 2.403670e-01 1.148893e+00 -1.749502e+00 ;
	-1.816519e-01 4.331702e-01 9.982300e-01 -1.269394e+00 ;
	-1.317600e-01 5.561852e-01 8.940492e-01 -8.184850e-01 ;
	-8.111867e-02 4.538833e-01 8.376579e-01 -3.115308e-01 ;
	-5.366744e-02 9.949633e-02 8.367213e-01 2.909206e-01 ;
	-6.279989e-02 -2.717357e-01 8.967325e-01 9.072912e-01 ;
	-1.052824e-01 -5.616075e-01 1.017776e+00 1.511868e+00 ;
	-1.711311e-01 -7.322133e-01 1.198792e+00 2.107435e+00 ;
	-2.463609e-01 -7.424507e-01 1.439228e+00 2.702587e+00 ;
	-3.130848e-01 -5.576518e-01 1.739968e+00 3.317834e+00 ;
	-3.395389e-01 6.052017e-02 2.106310e+00 4.024798e+00 ;
	-2.839155e-01 1.055510e+00 2.551927e+00 4.890062e+00 ;
	-1.380708e-01 1.746127e+00 3.075948e+00 5.485363e+00 ;
	3.234884e-02 1.520528e+00 3.618336e+00 5.227655e+00 ;
	1.505232e-01 8.320320e-01 4.106085e+00 4.506287e+00 ;
	2.041637e-01 2.834237e-01 4.521049e+00 3.808136e+00 ;
	2.134293e-01 -5.190367e-02 4.870366e+00 3.190392e+00 ;
	1.937824e-01 -3.045455e-01 5.162030e+00 2.652527e+00 ;
	1.550156e-01 -4.469438e-01 5.403507e+00 2.185485e+00 ;
	1.067904e-01 -5.046337e-01 5.601354e+00 1.781039e+00 ;
	5.615723e-02 -5.030574e-01 5.761591e+00 1.434709e+00 ;
	7.716805e-03 -4.657183e-01 5.889966e+00 1.144395e+00 ;
	-3.475321e-02 -3.863533e-01 5.991279e+00 8.929510e-01 ;
	-6.842515e-02 -2.908255e-01 6.069574e+00 6.828410e-01 ;
	-9.184974e-02 -1.816125e-01 6.128520e+00 5.043438e-01 ;
	-1.050077e-01 -8.497509e-02 6.171602e+00 3.637839e-01 ;
	-1.093871e-01 -5.343489e-03 6.202343e+00 2.558720e-01 ;
	-1.068764e-01 5.355154e-02 6.223794e+00 1.765861e-01 ;
	-9.927985e-02 9.694727e-02 6.238397e+00 1.178658e-01 ;
	-8.826826e-02 1.223770e-01 6.248096e+00 7.770166e-02 ;
	-7.531334e-02 1.361690e-01 6.254414e+00 4.965083e-02 ;
	-6.150880e-02 1.396490e-01 6.258425e+00 3.115934e-02 ;
	-4.776800e-02 1.350950e-01 6.260951e+00 1.965607e-02 ;
	-3.467137e-02 1.268734e-01 6.262510e+00 1.167949e-02 ;
	-2.295688e-02 1.076388e-01 6.263664e+00 1.137726e-02 ;
	-1.322125e-02 8.731005e-02 6.264858e+00 1.247144e-02 ;
	-5.722036e-03 6.295571e-02 6.266327e+00 1.688023e-02 ;
	-2.476834e-04 4.667962e-02 6.268029e+00 1.723375e-02 ;
	3.720993e-03 3.280583e-02 6.269742e+00 1.713551e-02 ;
	6.390140e-03 2.066400e-02 6.271443e+00 1.700179e-02 ;
	7.843164e-03 8.481837e-03 6.273184e+00 1.794299e-02 ;
	8.323443e-03 1.137387e-03 6.274920e+00 1.693653e-02 ;
	8.243368e-03 -2.767786e-03 6.276497e+00 1.480251e-02 ;
	7.841714e-03 -5.302999e-03 6.277865e+00 1.271515e-02 ;
	7.226101e-03 -7.048027e-03 6.279039e+00 1.091180e-02 ;
	6.505079e-03 -7.421161e-03 6.280024e+00 8.913941e-03 ;
	5.796296e-03 -6.806822e-03 6.280806e+00 6.841239e-03 ;
	5.148174e-03 -6.197656e-03 6.281403e+00 5.192509e-03 ;
	4.544720e-03 -5.901179e-03 6.281862e+00 4.060599e-03 ;
	3.958062e-03 -5.852942e-03 6.282229e+00 3.335309e-03 ;
	3.384297e-03 -5.642057e-03 6.282530e+00 2.712399e-03 ;
	2.840567e-03 -5.251630e-03 6.282771e+00 2.143053e-03 ;
	2.345829e-03 -4.662070e-03 6.282955e+00 1.579648e-03 ;
	1.908347e-03 -4.103294e-03 6.283090e+00 1.132692e-03 ;
	1.507012e-03 -3.931795e-03 6.283195e+00 9.998794e-04 ;
	1.139880e-03 -3.423085e-03 6.283280e+00 7.155819e-04 ;
	8.251455e-04 -2.882828e-03 6.283338e+00 4.552041e-04 ;
