NMPC_SIM.state_history = [1.475359e-02 2.902759e-01 3.150765e+00 1.795107e-01 ;
	5.689904e-02 5.473968e-01 3.176405e+00 3.274153e-01 ;
	1.224851e-01 7.590186e-01 3.214484e+00 4.269549e-01 ;
	2.006453e-01 8.013054e-01 3.255920e+00 3.957642e-01 ;
	2.757743e-01 7.011737e-01 3.288529e+00 2.531153e-01 ;
	3.420665e-01 6.249453e-01 3.306767e+00 1.100331e-01 ;
	4.008663e-01 5.519571e-01 3.310379e+00 -3.758785e-02 ;
	4.500164e-01 4.333397e-01 3.297828e+00 -2.107832e-01 ;
	4.786371e-01 1.447817e-01 3.263169e+00 -4.755066e-01 ;
	4.863758e-01 1.476800e-02 3.208239e+00 -6.146375e-01 ;
	4.886906e-01 3.480445e-02 3.145896e+00 -6.238499e-01 ;
	4.868293e-01 -6.673267e-02 3.080702e+00 -6.701056e-01 ;
	4.847783e-01 2.761850e-02 3.019097e+00 -5.546250e-01 ;
	4.871111e-01 2.177275e-02 2.967662e+00 -4.672237e-01 ;
	4.881116e-01 5.412493e-04 2.925972e+00 -3.610153e-01 ;
	4.867127e-01 -2.679047e-02 2.895878e+00 -2.368288e-01 ;
	4.859196e-01 1.094813e-02 2.880986e+00 -5.955257e-02 ;
	4.883329e-01 3.683861e-02 2.883742e+00 1.140963e-01 ;
	4.894780e-01 -1.395663e-02 2.901288e+00 2.350542e-01 ;
	4.892589e-01 7.924844e-03 2.932530e+00 3.856903e-01 ;
	4.872444e-01 -4.951085e-02 2.975328e+00 4.651592e-01 ;
	4.858527e-01 1.801828e-02 3.028607e+00 5.928432e-01 ;
	4.878538e-01 1.851752e-02 3.090847e+00 6.434730e-01 ;
	4.880371e-01 -1.801591e-02 3.155043e+00 6.319550e-01 ;
	4.823409e-01 -9.806965e-02 3.214759e+00 5.549881e-01 ;
	4.792578e-01 3.124173e-02 3.271622e+00 5.732500e-01 ;
	4.815644e-01 1.253965e-02 3.323906e+00 4.657686e-01 ;
	4.845213e-01 4.415698e-02 3.365521e+00 3.608869e-01 ;
	4.888153e-01 4.056458e-02 3.394402e+00 2.131867e-01 ;
	4.893436e-01 -2.938844e-02 3.405758e+00 1.321971e-02 ;
	4.879011e-01 3.404804e-04 3.400001e+00 -1.279066e-01 ;
	4.825285e-01 -1.054124e-01 3.376287e+00 -3.426381e-01 ;
	4.787402e-01 2.955630e-02 3.339368e+00 -3.920084e-01 ;
	4.815148e-01 2.814445e-02 3.294460e+00 -5.003037e-01 ;
	4.829648e-01 4.095469e-03 3.239455e+00 -5.922681e-01 ;
	4.818453e-01 -2.258562e-02 3.176907e+00 -6.499188e-01 ;
	4.846897e-01 8.151473e-02 3.114679e+00 -5.870607e-01 ;
	4.917737e-01 6.370078e-02 3.056734e+00 -5.637605e-01 ;
	4.921804e-01 -5.065533e-02 2.999832e+00 -5.654118e-01 ;
	4.893458e-01 -4.288778e-03 2.949544e+00 -4.342938e-01 ;
	4.928151e-01 7.398621e-02 2.914746e+00 -2.580758e-01 ;
	4.980007e-01 3.122719e-02 2.894719e+00 -1.395770e-01 ;
	4.902638e-01 -1.822118e-01 2.881814e+00 -1.149173e-01 ;
	4.713503e-01 -1.957078e-01 2.877856e+00 3.634647e-02 ;
	4.634059e-01 3.298372e-02 2.896393e+00 3.303449e-01 ;
	4.712827e-01 1.215358e-01 2.939271e+00 5.212204e-01 ;
	4.816591e-01 8.364007e-02 2.995909e+00 6.043851e-01 ;
	4.862665e-01 6.163932e-03 3.057842e+00 6.265050e-01 ;
	4.854795e-01 -2.509242e-02 3.121530e+00 6.388009e-01 ;
	4.829789e-01 -2.854546e-02 3.185370e+00 6.292636e-01 ;
	4.851581e-01 6.701332e-02 3.249439e+00 6.423876e-01 ;
	4.884358e-01 -3.371149e-03 3.307628e+00 5.144374e-01 ;
	4.867946e-01 -3.114939e-02 3.352713e+00 3.817590e-01 ;
	4.850429e-01 -5.691834e-03 3.384941e+00 2.584983e-01 ;
	4.862901e-01 2.931721e-02 3.404277e+00 1.255271e-01 ;
	4.909072e-01 6.232639e-02 3.409796e+00 -1.611520e-02 ;
	4.928785e-01 -2.126789e-02 3.397560e+00 -2.264269e-01 ;
	4.924613e-01 1.368273e-02 3.368451e+00 -3.523901e-01 ;
	4.876907e-01 -1.054737e-01 3.322975e+00 -5.504880e-01 ;
	4.835628e-01 2.413048e-02 3.266921e+00 -5.641030e-01 ;
	4.842781e-01 -6.066620e-03 3.206225e+00 -6.413492e-01 ;
	4.875533e-01 7.403246e-02 3.143190e+00 -6.114031e-01 ;
	4.923226e-01 2.564957e-02 3.080993e+00 -6.235446e-01 ;
	4.931522e-01 -5.191490e-03 3.020050e+00 -5.867448e-01 ;
	4.833661e-01 -1.844323e-01 2.959967e+00 -6.049500e-01 ;
	4.653733e-01 -1.730883e-01 2.905866e+00 -4.702997e-01 ;
	4.570287e-01 4.692778e-03 2.871830e+00 -2.081454e-01 ;
	4.623827e-01 1.012983e-01 2.862274e+00 1.727213e-02 ;
	4.685528e-01 2.291161e-02 2.870027e+00 1.374731e-01 ;
	4.712320e-01 2.971361e-02 2.892053e+00 3.003010e-01 ;
	4.772120e-01 8.745402e-02 2.931134e+00 4.760165e-01 ;
	4.810624e-01 -1.163895e-02 2.981641e+00 5.282549e-01 ;
	4.835300e-01 5.693358e-02 3.041022e+00 6.509159e-01 ;
	4.902337e-01 7.303214e-02 3.109134e+00 7.018819e-01 ;
	4.948830e-01 1.678338e-02 3.177941e+00 6.652872e-01 ;
	4.951738e-01 -1.409358e-02 3.241817e+00 6.038393e-01 ;
	4.955435e-01 1.789606e-02 3.299630e+00 5.443713e-01 ;
	4.927974e-01 -7.356109e-02 3.345939e+00 3.768087e-01 ;
	4.907227e-01 2.890187e-02 3.380259e+00 3.041891e-01 ;
	4.835577e-01 -1.698341e-01 3.397100e+00 3.250951e-02 ;
	4.717489e-01 -6.775761e-02 3.395723e+00 -6.077252e-02 ;
	4.657123e-01 -5.264653e-02 3.382483e+00 -2.025112e-01 ;
	4.634532e-01 7.754285e-03 3.356975e+00 -3.048893e-01 ;
	4.668542e-01 6.118734e-02 3.321873e+00 -3.930529e-01 ;
	4.694166e-01 -6.706774e-03 3.275316e+00 -5.314520e-01 ;
	4.739960e-01 9.973993e-02 3.221889e+00 -5.307298e-01 ;
	4.818868e-01 6.177438e-02 3.165622e+00 -5.866104e-01 ;
	4.898754e-01 1.007060e-01 3.107958e+00 -5.591413e-01 ;
	4.945845e-01 -1.700141e-03 3.050315e+00 -5.848275e-01 ;
	4.937643e-01 -1.157726e-02 2.994809e+00 -5.177701e-01 ;
	4.901197e-01 -5.816261e-02 2.946493e+00 -4.417465e-01 ;
	4.855803e-01 -3.139423e-02 2.909452e+00 -2.946642e-01 ;
	4.840121e-01 4.104748e-04 2.888247e+00 -1.271590e-01 ;
	4.790936e-01 -9.701619e-02 2.880320e+00 -2.952016e-02 ;
	4.736972e-01 -1.240162e-02 2.887863e+00 1.787512e-01 ;
	4.757479e-01 5.143157e-02 2.915201e+00 3.641424e-01 ;
	4.825783e-01 8.274458e-02 2.959122e+00 5.084267e-01 ;
	4.844078e-01 -4.711048e-02 3.011031e+00 5.238553e-01 ;
	4.777572e-01 -8.830643e-02 3.065654e+00 5.615658e-01 ;
	4.755271e-01 3.837930e-02 3.127645e+00 6.686680e-01 ;
	];
NMPC_SIM.control_history = [5.000000e+01 ;
	4.952293e+01 ;
	4.728293e+01 ;
	2.353155e+01 ;
	1.548685e+00 ;
	5.410844e+00 ;
	5.353884e+00 ;
	-3.807579e+00 ;
	-3.590846e+01 ;
	-1.496713e+01 ;
	5.652017e+00 ;
	-1.856455e+01 ;
	9.991855e+00 ;
	-8.849602e+00 ;
	-1.392238e+01 ;
	-1.695947e+01 ;
	-6.933319e+00 ;
	-8.682551e+00 ;
	-2.129160e+01 ;
	-8.291637e+00 ;
	-2.000783e+01 ;
	3.169613e+00 ;
	-4.292385e+00 ;
	-7.032628e+00 ;
	-1.149592e+01 ;
	2.656319e+01 ;
	5.908834e+00 ;
	1.665675e+01 ;
	1.258302e+01 ;
	1.720900e+00 ;
	1.825040e+01 ;
	-5.584825e+00 ;
	3.348336e+01 ;
	9.740975e+00 ;
	3.264075e+00 ;
	-7.435114e-01 ;
	1.772366e+01 ;
	-5.067241e+00 ;
	-2.515914e+01 ;
	-1.948245e+00 ;
	2.332290e+00 ;
	-1.877913e+01 ;
	-5.000000e+01 ;
	-1.851973e+01 ;
	2.392522e+01 ;
	3.887945e+00 ;
	-1.444008e+01 ;
	-1.860086e+01 ;
	-8.218322e+00 ;
	-2.442763e-01 ;
	2.037001e+01 ;
	-3.434198e+00 ;
	5.422469e+00 ;
	1.604180e+01 ;
	1.920734e+01 ;
	1.988321e+01 ;
	-1.920344e-01 ;
	1.848293e+01 ;
	-9.438464e+00 ;
	2.937686e+01 ;
	5.284933e-01 ;
	1.551379e+01 ;
	-8.936104e+00 ;
	-1.013577e+01 ;
	-3.958028e+01 ;
	-1.220584e+01 ;
	1.523119e+01 ;
	2.910055e+00 ;
	-2.641268e+01 ;
	-1.200935e+01 ;
	-1.769162e+00 ;
	-2.604475e+01 ;
	4.329731e+00 ;
	-2.162033e-01 ;
	-8.427803e+00 ;
	-1.109655e+00 ;
	1.259810e+01 ;
	-5.658958e+00 ;
	2.856660e+01 ;
	-2.143340e+01 ;
	2.853870e+01 ;
	1.450296e+01 ;
	2.176138e+01 ;
	1.998063e+01 ;
	-2.228450e+00 ;
	2.418303e+01 ;
	-2.132186e+00 ;
	7.273154e+00 ;
	-1.967484e+01 ;
	-8.431694e+00 ;
	-1.764051e+01 ;
	-7.643171e+00 ;
	-7.600282e+00 ;
	-3.033986e+01 ;
	8.747825e-02 ;
	-1.648666e+00 ;
	-4.859151e+00 ;
	-2.987159e+01 ;
	-1.354524e+01 ;
	1.790013e+01 ;
	];
