NMPC_SIM.state_history = [7.000000e+00 1.000000e+01 1.043081e-06 -7.583215e-05 -3.957781e-05 -8.319134e-05 -6.470943e-06 1.240013e-05 4.172325e-05 -3.033242e-03 -1.583035e-03 -3.327614e-03 ;
	7.000000e+00 1.000000e+01 1.219106e-04 -2.845000e-04 1.344880e-04 -3.204587e-04 -3.851983e-06 9.691877e-05 4.792969e-03 -5.313796e-03 8.545845e-03 -6.163495e-03 ;
	7.000004e+00 1.000001e+01 5.857134e-04 -6.058504e-04 1.001169e-03 -7.031964e-04 2.432958e-04 3.144945e-04 1.375910e-02 -7.541426e-03 2.612168e-02 -9.147263e-03 ;
	7.000035e+00 1.000004e+01 1.510436e-03 -1.048800e-03 2.940216e-03 -1.263236e-03 1.176244e-03 7.216887e-04 2.322945e-02 -1.017975e-02 5.144072e-02 -1.325703e-02 ;
	7.000141e+00 1.000009e+01 2.511130e-03 -1.653550e-03 5.922738e-03 -2.012489e-03 3.289339e-03 1.364502e-03 1.679717e-02 -1.401389e-02 6.786084e-02 -1.671670e-02 ;
	7.000390e+00 1.000018e+01 2.883288e-03 -2.431917e-03 9.874992e-03 -2.896069e-03 6.974400e-03 2.313009e-03 -1.913421e-03 -1.712437e-02 9.022986e-02 -1.863149e-02 ;
	7.000876e+00 1.000033e+01 2.518984e-03 -3.424482e-03 1.486128e-02 -3.809119e-03 1.287502e-02 3.687044e-03 -1.266391e-02 -2.257884e-02 1.092219e-01 -1.789828e-02 ;
	7.001731e+00 1.000056e+01 2.245604e-03 -4.808141e-03 2.064390e-02 -4.563370e-03 2.182052e-02 5.706399e-03 1.719626e-03 -3.276044e-02 1.220816e-01 -1.228452e-02 ;
	7.003123e+00 1.000091e+01 3.313760e-03 -6.931415e-03 2.688177e-02 -4.926782e-03 3.441455e-02 8.713789e-03 4.099240e-02 -5.215558e-02 1.274288e-01 -2.273845e-03 ;
	7.005243e+00 1.000145e+01 6.830786e-03 -9.963943e-03 3.342924e-02 -4.826992e-03 5.098652e-02 1.323509e-02 9.966822e-02 -6.913218e-02 1.344636e-01 6.243771e-03 ;
	7.008285e+00 1.000227e+01 1.331106e-02 -1.373591e-02 4.030414e-02 -4.339340e-03 7.130094e-02 1.963901e-02 1.595154e-01 -8.173477e-02 1.405255e-01 1.324466e-02 ;
	7.012391e+00 1.000344e+01 2.167933e-02 -1.772141e-02 4.732892e-02 -3.497392e-03 9.352501e-02 2.752983e-02 1.751841e-01 -7.767269e-02 1.404589e-01 2.043927e-02 ;
	7.017650e+00 1.000504e+01 2.990754e-02 -2.140611e-02 5.401554e-02 -2.304269e-03 1.173753e-01 3.666880e-02 1.539121e-01 -6.970396e-02 1.270008e-01 2.730385e-02 ;
	7.024181e+00 1.000713e+01 3.712462e-02 -2.441324e-02 6.005275e-02 -8.623340e-04 1.443279e-01 4.748124e-02 1.347386e-01 -5.057672e-02 1.144874e-01 3.039976e-02 ;
	7.032127e+00 1.000980e+01 4.336918e-02 -2.617208e-02 6.542652e-02 7.320056e-04 1.739314e-01 5.947309e-02 1.150139e-01 -1.977279e-02 1.004663e-01 3.340627e-02 ;
	7.041587e+00 1.001308e+01 4.825957e-02 -2.648949e-02 6.947627e-02 2.431735e-03 2.047957e-01 7.161209e-02 8.058047e-02 7.073484e-03 6.152712e-02 3.460293e-02 ;
	7.052619e+00 1.001696e+01 5.126327e-02 -2.555968e-02 7.179136e-02 4.174125e-03 2.366152e-01 8.349007e-02 3.955696e-02 3.011508e-02 3.107933e-02 3.509658e-02 ;
	7.065245e+00 1.002141e+01 5.199422e-02 -2.376974e-02 7.280938e-02 5.874948e-03 2.685122e-01 9.457032e-02 -1.032105e-02 4.147867e-02 9.641923e-03 3.293164e-02 ;
	7.079531e+00 1.002642e+01 5.102919e-02 -2.177294e-02 7.269280e-02 7.480216e-03 3.029259e-01 1.055855e-01 -2.827593e-02 3.838970e-02 -1.430678e-02 3.127103e-02 ;
	7.095509e+00 1.003195e+01 4.886014e-02 -1.989026e-02 7.111391e-02 9.046671e-03 3.360664e-01 1.154718e-01 -5.847456e-02 3.691200e-02 -4.884937e-02 3.137651e-02 ;
	7.113140e+00 1.003796e+01 4.548338e-02 -1.801953e-02 6.799633e-02 1.063057e-02 3.689409e-01 1.247745e-01 -7.657579e-02 3.791241e-02 -7.585359e-02 3.197027e-02 ;
	7.132399e+00 1.004442e+01 4.158938e-02 -1.608075e-02 6.366863e-02 1.224940e-02 4.010545e-01 1.334836e-01 -7.915840e-02 3.963441e-02 -9.725405e-02 3.277466e-02 ;
	7.153215e+00 1.005130e+01 3.770185e-02 -1.409463e-02 5.881878e-02 1.392740e-02 4.312053e-01 1.413366e-01 -7.631619e-02 3.980886e-02 -9.673929e-02 3.434530e-02 ;
	7.175478e+00 1.005854e+01 3.393731e-02 -1.206821e-02 5.399444e-02 1.567191e-02 4.589199e-01 1.482043e-01 -7.424062e-02 4.124640e-02 -9.623346e-02 3.543381e-02 ;
	7.199064e+00 1.006610e+01 3.021031e-02 -9.910952e-03 4.916171e-02 1.746044e-02 4.841206e-01 1.540213e-01 -7.481704e-02 4.504288e-02 -9.707499e-02 3.610405e-02 ;
	7.223851e+00 1.007392e+01 2.645841e-02 -7.579625e-03 4.433057e-02 1.927553e-02 5.069621e-01 1.587384e-01 -7.523873e-02 4.820975e-02 -9.616973e-02 3.649722e-02 ;
	7.249722e+00 1.008195e+01 2.269447e-02 -5.114146e-03 3.958418e-02 2.110490e-02 5.274796e-01 1.622730e-01 -7.530142e-02 5.040956e-02 -9.368528e-02 3.667697e-02 ;
	7.276561e+00 1.009013e+01 1.892314e-02 -2.528367e-03 3.497875e-02 2.293217e-02 5.457138e-01 1.645548e-01 -7.553697e-02 5.302233e-02 -9.053176e-02 3.641315e-02 ;
	7.304270e+00 1.009839e+01 1.555836e-02 -5.756551e-05 3.046742e-02 2.472657e-02 5.622891e-01 1.655904e-01 -5.904149e-02 4.581121e-02 -8.992283e-02 3.536891e-02 ;
	7.332740e+00 1.010667e+01 1.258960e-02 2.020909e-03 2.601162e-02 2.646480e-02 5.761308e-01 1.654460e-01 -5.969881e-02 3.732954e-02 -8.831065e-02 3.416716e-02 ;
	7.361850e+00 1.011491e+01 9.675626e-03 3.745356e-03 2.165870e-02 2.815276e-02 5.879218e-01 1.643328e-01 -5.685196e-02 3.164969e-02 -8.580728e-02 3.335630e-02 ;
	7.391500e+00 1.012309e+01 7.067070e-03 4.977486e-03 1.747166e-02 2.981335e-02 5.977545e-01 1.624069e-01 -4.748389e-02 1.763657e-02 -8.167596e-02 3.307827e-02 ;
	7.421591e+00 1.013115e+01 4.905276e-03 5.654469e-03 1.340850e-02 3.149151e-02 6.055362e-01 1.599738e-01 -3.898294e-02 9.441962e-03 -8.085135e-02 3.405409e-02 ;
	7.452020e+00 1.013908e+01 3.051311e-03 5.973117e-03 9.489511e-03 3.322566e-02 6.112761e-01 1.572711e-01 -3.517212e-02 3.303492e-03 -7.590903e-02 3.531605e-02 ;
	7.482689e+00 1.014687e+01 1.492572e-03 6.070428e-03 5.823843e-03 3.502480e-02 6.151826e-01 1.543948e-01 -2.717517e-02 5.884874e-04 -7.071804e-02 3.665121e-02 ;
	7.513509e+00 1.015452e+01 3.570642e-04 6.035876e-03 2.382496e-03 3.689137e-02 6.173316e-01 1.514414e-01 -1.824393e-02 -1.971142e-03 -6.693621e-02 3.801352e-02 ;
	7.544394e+00 1.016201e+01 -3.457307e-04 5.871263e-03 -7.208933e-04 3.882239e-02 6.178381e-01 1.484826e-01 -9.867556e-03 -4.612716e-03 -5.719979e-02 3.922835e-02 ;
	7.575269e+00 1.016937e+01 -5.627643e-04 5.633986e-03 -3.236101e-03 4.091412e-02 6.169327e-01 1.455581e-01 1.185911e-03 -4.879239e-03 -4.340882e-02 4.444038e-02 ;
	7.606071e+00 1.017657e+01 -3.359443e-04 5.356742e-03 -4.994114e-03 4.320207e-02 6.149693e-01 1.427378e-01 7.886412e-03 -6.208554e-03 -2.691211e-02 4.707709e-02 ;
	7.636755e+00 1.018364e+01 2.178688e-04 4.998159e-03 -5.895634e-03 4.560085e-02 6.123440e-01 1.400419e-01 1.426586e-02 -8.131599e-03 -9.149164e-03 4.887337e-02 ;
	7.667301e+00 1.019058e+01 1.083157e-03 4.539959e-03 -6.013133e-03 4.803589e-02 6.094733e-01 1.375323e-01 2.034581e-02 -1.019364e-02 4.448871e-03 4.852739e-02 ;
	7.697704e+00 1.019740e+01 2.326261e-03 3.980246e-03 -5.414344e-03 5.047273e-02 6.066961e-01 1.352606e-01 2.937881e-02 -1.219174e-02 1.950228e-02 4.894460e-02 ;
	7.727979e+00 1.020411e+01 4.050311e-03 3.281395e-03 -3.892047e-03 5.291239e-02 6.044180e-01 1.333150e-01 3.958397e-02 -1.575794e-02 4.138897e-02 4.863830e-02 ;
	7.758162e+00 1.021074e+01 6.411291e-03 2.563660e-03 -1.283387e-03 5.531725e-02 6.031452e-01 1.317719e-01 5.485597e-02 -1.294786e-02 6.295814e-02 4.755455e-02 ;
	7.788319e+00 1.021730e+01 9.258138e-03 1.860970e-03 2.270504e-03 5.759769e-02 6.034175e-01 1.306870e-01 5.901791e-02 -1.516011e-02 7.919776e-02 4.365984e-02 ;
	7.818536e+00 1.022381e+01 1.238853e-02 1.048624e-03 6.352020e-03 5.970722e-02 6.055920e-01 1.300853e-01 6.619646e-02 -1.733587e-02 8.406308e-02 4.071954e-02 ;
	7.848912e+00 1.023031e+01 1.579485e-02 -2.270809e-05 1.052350e-02 6.167641e-02 6.097746e-01 1.300689e-01 7.005357e-02 -2.552047e-02 8.279535e-02 3.804249e-02 ;
	7.879546e+00 1.023683e+01 1.935279e-02 -1.524077e-03 1.453491e-02 6.353497e-02 6.159238e-01 1.308180e-01 7.225968e-02 -3.453689e-02 7.766067e-02 3.629480e-02 ;
	7.910525e+00 1.024341e+01 2.238305e-02 -3.396799e-03 1.828238e-02 6.530094e-02 6.235116e-01 1.324484e-01 4.894530e-02 -4.037465e-02 7.223801e-02 3.434218e-02 ;
