NMPC_SIM.state_history = [1.475359e-02 2.902759e-01 3.150765e+00 1.795107e-01 ;
	5.703978e-02 5.501652e-01 3.176493e+00 3.291268e-01 ;
	1.236890e-01 7.772377e-01 3.215227e+00 4.380995e-01 ;
	2.113529e-01 9.704530e-01 3.262499e+00 4.990124e-01 ;
	3.110259e-01 1.019785e+00 3.309832e+00 4.408617e-01 ;
	4.002742e-01 7.677181e-01 3.340579e+00 1.727251e-01 ;
	4.569608e-01 3.718333e-01 3.339413e+00 -1.923619e-01 ;
	4.805943e-01 1.059783e-01 3.306102e+00 -4.675209e-01 ;
	4.873684e-01 3.325777e-02 3.252479e+00 -5.972692e-01 ;
	4.881626e-01 -1.313885e-02 3.188422e+00 -6.747843e-01 ;
	4.869982e-01 -6.294647e-03 3.120302e+00 -6.782845e-01 ;
	4.833404e-01 -6.206717e-02 3.051939e+00 -6.790364e-01 ;
	4.801356e-01 3.377534e-04 2.989315e+00 -5.657274e-01 ;
	4.815925e-01 3.077596e-02 2.938815e+00 -4.380612e-01 ;
	4.827785e-01 -4.777567e-03 2.900443e+00 -3.241666e-01 ;
	4.749640e-01 -1.480415e-01 2.871216e+00 -2.553134e-01 ;
	4.681712e-01 1.025073e-02 2.858876e+00 8.505166e-03 ;
	4.683910e-01 -5.959118e-03 2.867747e+00 1.679632e-01 ;
	4.670140e-01 -2.232604e-02 2.892158e+00 3.173825e-01 ;
	4.639297e-01 -4.079611e-02 2.930594e+00 4.466429e-01 ;
	4.632312e-01 2.345475e-02 2.983258e+00 5.993709e-01 ;
	4.647713e-01 4.167652e-03 3.046898e+00 6.650247e-01 ;
	4.683080e-01 6.170297e-02 3.117537e+00 7.375792e-01 ;
	4.779589e-01 1.258708e-01 3.193433e+00 7.692428e-01 ;
	4.853781e-01 2.017119e-02 3.264785e+00 6.492010e-01 ;
	4.827214e-01 -7.471123e-02 3.322421e+00 4.969558e-01 ;
	4.772390e-01 -3.763601e-02 3.367342e+00 3.953284e-01 ;
	4.773524e-01 3.723570e-02 3.401995e+00 2.926374e-01 ;
	4.794213e-01 3.891200e-03 3.422122e+00 1.078284e-01 ;
	4.801873e-01 1.123297e-02 3.424578e+00 -5.905728e-02 ;
	4.809653e-01 4.958638e-03 3.410007e+00 -2.305547e-01 ;
	4.827083e-01 3.079155e-02 3.379840e+00 -3.692406e-01 ;
	4.891100e-01 9.826060e-02 3.338101e+00 -4.607069e-01 ;
	4.923864e-01 -2.833631e-02 3.282535e+00 -6.424644e-01 ;
	4.859931e-01 -9.475335e-02 3.212463e+00 -7.489868e-01 ;
	4.703920e-01 -2.108563e-01 3.132370e+00 -8.407680e-01 ;
	4.429098e-01 -3.316736e-01 3.045466e+00 -8.840240e-01 ;
	4.200679e-01 -1.243704e-01 2.967262e+00 -6.719252e-01 ;
	4.163501e-01 4.971491e-02 2.911356e+00 -4.410271e-01 ;
	4.300938e-01 2.236581e-01 2.879949e+00 -1.850806e-01 ;
	4.488781e-01 1.535711e-01 2.867367e+00 -6.439079e-02 ;
	4.628783e-01 1.267784e-01 2.868440e+00 8.594472e-02 ;
	4.786128e-01 1.863857e-01 2.887011e+00 2.827470e-01 ;
	4.917115e-01 7.565448e-02 2.919343e+00 3.606547e-01 ;
	4.964693e-01 1.835415e-02 2.960062e+00 4.489088e-01 ;
	4.959158e-01 -3.122170e-02 3.008539e+00 5.146223e-01 ;
	4.925036e-01 -3.987060e-02 3.063343e+00 5.741379e-01 ;
	4.919282e-01 2.397351e-02 3.124669e+00 6.434358e-01 ;
	4.930118e-01 -5.504169e-03 3.188050e+00 6.157630e-01 ;
	4.963071e-01 6.679894e-02 3.249963e+00 6.133335e-01 ;
	4.992931e-01 -8.739255e-03 3.305094e+00 4.827842e-01 ;
	4.947121e-01 -8.360588e-02 3.345651e+00 3.239246e-01 ;
	4.792917e-01 -2.235768e-01 3.367247e+00 1.066696e-01 ;
	4.580452e-01 -2.018604e-01 3.371655e+00 -1.923811e-02 ;
	4.497892e-01 3.340471e-02 3.370018e+00 -1.535027e-02 ;
	4.495636e-01 -3.647819e-02 3.359431e+00 -1.944792e-01 ;
	4.525210e-01 9.481475e-02 3.337602e+00 -2.403513e-01 ;
	4.537871e-01 -6.568751e-02 3.302850e+00 -4.489707e-01 ;
	4.474866e-01 -5.787539e-02 3.253678e+00 -5.280059e-01 ;
	4.458640e-01 2.716382e-02 3.200584e+00 -5.273741e-01 ;
	4.541498e-01 1.397618e-01 3.150049e+00 -4.774136e-01 ;
	4.592653e-01 -3.188191e-02 3.097033e+00 -5.740361e-01 ;
	4.555359e-01 -3.948743e-02 3.041242e+00 -5.341436e-01 ;
	4.583805e-01 9.660308e-02 2.995623e+00 -3.735836e-01 ;
	4.667841e-01 7.346680e-02 2.962309e+00 -2.881260e-01 ;
	4.756719e-01 1.048287e-01 2.940168e+00 -1.521796e-01 ;
	4.868760e-01 1.194149e-01 2.931644e+00 -1.735568e-02 ;
	4.956938e-01 5.771170e-02 2.934383e+00 7.232388e-02 ;
	4.978814e-01 -1.346037e-02 2.945636e+00 1.518925e-01 ;
	4.975364e-01 5.291151e-03 2.967222e+00 2.768884e-01 ;
	4.922311e-01 -1.112301e-01 2.996343e+00 3.026596e-01 ;
	4.827943e-01 -7.976106e-02 3.031754e+00 4.006042e-01 ;
	4.781629e-01 -1.618756e-02 3.076818e+00 4.940616e-01 ;
	4.763129e-01 -2.354687e-02 3.127547e+00 5.136682e-01 ;
	4.805899e-01 1.040354e-01 3.182936e+00 5.853330e-01 ;
	4.889294e-01 6.035368e-02 3.238328e+00 5.154046e-01 ;
	4.959615e-01 7.744803e-02 3.287011e+00 4.515974e-01 ;
	4.969950e-01 -5.642377e-02 3.323173e+00 2.683206e-01 ;
	4.823202e-01 -2.350643e-01 3.338710e+00 4.216199e-02 ;
	4.617399e-01 -1.773841e-01 3.338694e+00 -4.298595e-02 ;
	4.490260e-01 -7.799133e-02 3.331530e+00 -1.002212e-01 ;
	4.476802e-01 4.980933e-02 3.319793e+00 -1.340783e-01 ;
	4.558754e-01 1.139912e-01 3.303083e+00 -1.984871e-01 ;
	4.719242e-01 2.067578e-01 3.281389e+00 -2.333343e-01 ;
	4.880478e-01 1.184913e-01 3.251237e+00 -3.649606e-01 ;
	4.954436e-01 3.289225e-02 3.209022e+00 -4.729517e-01 ;
	4.865005e-01 -2.051581e-01 3.152563e+00 -6.464348e-01 ;
	4.705474e-01 -1.117877e-01 3.091085e+00 -5.755616e-01 ;
	4.602331e-01 -9.177750e-02 3.036196e+00 -5.149979e-01 ;
	4.540457e-01 -3.055476e-02 2.990276e+00 -3.979484e-01 ;
	4.554669e-01 5.911934e-02 2.958228e+00 -2.397585e-01 ;
	4.650292e-01 1.317511e-01 2.942285e+00 -7.778400e-02 ;
	4.782908e-01 1.335277e-01 2.940676e+00 4.579642e-02 ;
	4.907351e-01 1.151597e-01 2.950743e+00 1.544021e-01 ;
	4.946217e-01 -3.607643e-02 2.967151e+00 1.728943e-01 ;
	4.910862e-01 -3.572774e-02 2.989603e+00 2.732139e-01 ;
	4.913623e-01 3.849720e-02 3.023633e+00 4.022864e-01 ;
	4.930221e-01 -6.920531e-03 3.065686e+00 4.334852e-01 ;
	4.916415e-01 -2.293431e-02 3.110475e+00 4.563532e-01 ;
	4.900210e-01 -1.223737e-02 3.157008e+00 4.678634e-01 ;
	];
NMPC_SIM.control_history = [5.000000e+01 ;
	5.000000e+01 ;
	5.000000e+01 ;
	4.999220e+01 ;
	3.067628e+01 ;
	-1.893063e+01 ;
	-4.706889e+01 ;
	-3.089229e+01 ;
	-3.339044e+00 ;
	-2.997837e+00 ;
	1.686849e+00 ;
	-1.290781e+01 ;
	2.938080e+00 ;
	-4.517814e+00 ;
	-1.762577e+01 ;
	-3.853817e+01 ;
	1.140627e+01 ;
	-1.696759e+01 ;
	-1.656226e+01 ;
	-1.581121e+01 ;
	3.788864e-01 ;
	-1.014625e+01 ;
	6.518287e+00 ;
	1.275976e+01 ;
	-1.120854e+01 ;
	-7.551417e+00 ;
	1.639062e+01 ;
	2.539481e+01 ;
	8.693749e+00 ;
	1.576371e+01 ;
	1.324512e+01 ;
	1.787026e+01 ;
	2.385981e+01 ;
	-1.110556e+01 ;
	-5.753712e+00 ;
	-1.950233e+01 ;
	-2.703641e+01 ;
	2.294949e+01 ;
	1.722783e+01 ;
	1.814714e+01 ;
	-2.283791e+01 ;
	-1.650295e+01 ;
	-1.369278e+00 ;
	-2.918371e+01 ;
	-1.971616e+01 ;
	-1.694221e+01 ;
	-7.850529e+00 ;
	7.681352e+00 ;
	-3.823074e+00 ;
	1.678534e+01 ;
	-4.421756e+00 ;
	-3.123744e+00 ;
	-1.422550e+01 ;
	1.240207e+01 ;
	4.998656e+01 ;
	-1.343536e-02 ;
	3.320279e+01 ;
	-1.679721e+01 ;
	7.934587e+00 ;
	1.854125e+01 ;
	2.157096e+01 ;
	-2.842723e+01 ;
	-5.890272e+00 ;
	1.604136e+01 ;
	-1.138260e+01 ;
	-3.607948e+00 ;
	-6.744217e+00 ;
	-1.991259e+01 ;
	-2.211835e+01 ;
	-6.780253e+00 ;
	-2.863893e+01 ;
	-3.133757e+00 ;
	4.938740e+00 ;
	-3.685700e+00 ;
	2.232637e+01 ;
	-2.055615e+00 ;
	1.056644e+01 ;
	-1.314311e+01 ;
	-2.176840e+01 ;
	1.694174e+01 ;
	2.483959e+01 ;
	3.072962e+01 ;
	2.085430e+01 ;
	2.573845e+01 ;
	-5.438394e+00 ;
	-8.108456e+00 ;
	-3.815055e+01 ;
	1.184945e+01 ;
	-2.615198e+00 ;
	2.102778e+00 ;
	6.034927e+00 ;
	3.330781e+00 ;
	-8.284733e+00 ;
	-1.155466e+01 ;
	-3.418890e+01 ;
	-9.181757e+00 ;
	4.957757e+00 ;
	-1.257275e+01 ;
	-5.801848e+00 ;
	1.083240e+00 ;
	];
