NMPC_SIM.state_history = [7.000000e+00 1.000000e+01 -5.115199e-04 -4.220257e-04 1.399445e-04 2.179050e-04 2.191842e-05 6.612747e-05 -2.046080e-02 -1.688062e-02 5.596658e-03 8.715415e-03 ;
	7.000006e+00 1.000001e+01 -1.373619e-03 -1.660530e-03 1.048633e-03 1.197111e-03 2.648204e-04 5.511193e-04 -1.402332e-02 -3.265256e-02 3.074353e-02 3.044531e-02 ;
	7.000040e+00 1.000007e+01 -2.058943e-03 -3.665883e-03 3.203718e-03 3.234317e-03 1.255606e-03 1.830939e-03 -1.339045e-02 -4.754629e-02 5.544802e-02 5.102954e-02 ;
	7.000154e+00 1.000021e+01 -2.749035e-03 -6.010400e-03 6.572470e-03 6.625711e-03 3.588851e-03 4.214536e-03 -1.421549e-02 -4.619941e-02 7.928421e-02 8.461835e-02 ;
	7.000430e+00 1.000051e+01 -3.526442e-03 -8.278064e-03 1.111901e-02 1.173924e-02 7.824684e-03 7.742819e-03 -1.688536e-02 -4.445721e-02 1.025594e-01 1.199165e-01 ;
	7.000978e+00 1.000101e+01 -4.419029e-03 -1.037515e-02 1.677726e-02 1.860629e-02 1.452643e-02 1.241319e-02 -1.882614e-02 -3.936476e-02 1.237566e-01 1.547654e-01 ;
	7.001931e+00 1.000177e+01 -5.451929e-03 -1.222586e-02 2.346355e-02 2.718889e-02 2.415372e-02 1.814845e-02 -2.250247e-02 -3.459295e-02 1.436836e-01 1.885410e-01 ;
	7.003453e+00 1.000284e+01 -6.549900e-03 -1.381837e-02 3.115750e-02 3.747146e-02 3.732600e-02 2.499454e-02 -2.143530e-02 -2.902391e-02 1.640659e-01 2.227682e-01 ;
	7.005723e+00 1.000428e+01 -7.777801e-03 -1.501201e-02 3.977256e-02 4.947467e-02 5.415268e-02 3.274092e-02 -2.770678e-02 -1.863005e-02 1.805366e-01 2.573787e-01 ;
	7.008944e+00 1.000613e+01 -9.195052e-03 -1.571170e-02 4.913294e-02 6.308930e-02 7.542711e-02 4.149594e-02 -2.901808e-02 -9.272081e-03 1.938834e-01 2.872271e-01 ;
	7.013350e+00 1.000845e+01 -1.051237e-02 -1.595143e-02 5.904799e-02 7.825278e-02 1.016300e-01 5.125326e-02 -2.371948e-02 -2.252877e-04 2.027273e-01 3.193366e-01 ;
	7.019186e+00 1.001127e+01 -1.159781e-02 -1.574761e-02 6.915876e-02 9.499837e-02 1.325732e-01 6.184469e-02 -1.975098e-02 8.456785e-03 2.017160e-01 3.505117e-01 ;
	7.026699e+00 1.001465e+01 -1.232396e-02 -1.505584e-02 7.899149e-02 1.132976e-01 1.687589e-01 7.343112e-02 -9.355180e-03 1.927613e-02 1.916129e-01 3.814823e-01 ;
	7.036118e+00 1.001862e+01 -1.278635e-02 -1.382091e-02 8.827840e-02 1.330960e-01 2.087272e-01 8.556905e-02 -9.202576e-03 3.017094e-02 1.798880e-01 4.104764e-01 ;
	7.047643e+00 1.002322e+01 -1.323485e-02 -1.208237e-02 9.693369e-02 1.542601e-01 2.529598e-01 9.844232e-02 -8.801532e-03 3.940325e-02 1.663487e-01 4.361053e-01 ;
	7.061490e+00 1.002848e+01 -1.355986e-02 -9.884983e-03 1.048409e-01 1.767048e-01 3.015200e-01 1.121145e-01 -4.263012e-03 4.851288e-02 1.499683e-01 4.616928e-01 ;
	7.077861e+00 1.003444e+01 -1.360215e-02 -7.242925e-03 1.119457e-01 2.004053e-01 3.539015e-01 1.264909e-01 2.509204e-03 5.718269e-02 1.342531e-01 4.863358e-01 ;
	7.096916e+00 1.004114e+01 -1.346136e-02 -4.228423e-03 1.180966e-01 2.253526e-01 4.087988e-01 1.412713e-01 3.065967e-03 6.338888e-02 1.118097e-01 5.115523e-01 ;
	7.118799e+00 1.004858e+01 -1.316885e-02 -8.987643e-04 1.227394e-01 2.515056e-01 4.668950e-01 1.567227e-01 8.588457e-03 6.973897e-02 7.393326e-02 5.345421e-01 ;
	7.143626e+00 1.005681e+01 -1.268640e-02 2.691307e-03 1.257407e-01 2.787554e-01 5.264345e-01 1.724347e-01 1.067845e-02 7.381402e-02 4.614428e-02 5.554278e-01 ;
	7.171460e+00 1.006583e+01 -1.211742e-02 6.465547e-03 1.274466e-01 3.070094e-01 5.870770e-01 1.883545e-01 1.206181e-02 7.710483e-02 2.211399e-02 5.747079e-01 ;
	7.202343e+00 1.007565e+01 -1.148941e-02 1.037599e-02 1.279020e-01 3.362170e-01 6.483080e-01 2.043573e-01 1.305089e-02 7.924894e-02 -3.876818e-03 5.935686e-01 ;
	7.236293e+00 1.008627e+01 -1.080407e-02 1.429204e-02 1.270916e-01 3.663501e-01 7.096629e-01 2.203187e-01 1.436725e-02 7.732444e-02 -2.852669e-02 6.117283e-01 ;
	7.273306e+00 1.009768e+01 -1.001550e-02 1.812971e-02 1.251101e-01 3.973640e-01 7.707512e-01 2.361522e-01 1.719133e-02 7.611390e-02 -5.072111e-02 6.288060e-01 ;
	7.313337e+00 1.010987e+01 -9.215203e-03 2.181955e-02 1.222838e-01 4.291378e-01 8.303113e-01 2.515213e-01 1.484293e-02 7.143835e-02 -6.232962e-02 6.421338e-01 ;
	7.356323e+00 1.012283e+01 -8.488393e-03 2.524163e-02 1.188559e-01 4.615071e-01 8.889148e-01 2.666020e-01 1.425681e-02 6.540154e-02 -7.479195e-02 6.526260e-01 ;
	7.402215e+00 1.013653e+01 -7.704289e-03 2.836224e-02 1.148471e-01 4.943910e-01 9.464966e-01 2.814091e-01 1.713920e-02 5.938237e-02 -8.556942e-02 6.627235e-01 ;
	7.450935e+00 1.015096e+01 -6.863105e-03 3.112691e-02 1.103237e-01 5.277224e-01 1.002014e+00 2.956947e-01 1.654321e-02 5.116816e-02 -9.538070e-02 6.705282e-01 ;
	7.502388e+00 1.016609e+01 -6.019107e-03 3.337498e-02 1.053007e-01 5.612528e-01 1.055783e+00 3.095819e-01 1.725532e-02 3.872618e-02 -1.055690e-01 6.706915e-01 ;
	7.556462e+00 1.018191e+01 -5.276756e-03 3.502414e-02 9.982425e-02 5.948064e-01 1.106811e+00 3.228881e-01 1.247977e-02 2.721726e-02 -1.135189e-01 6.714602e-01 ;
	7.613030e+00 1.019837e+01 -4.763691e-03 3.607629e-02 9.397174e-02 6.284121e-01 1.155500e+00 3.357787e-01 8.085879e-03 1.484785e-02 -1.206126e-01 6.727744e-01 ;
	7.671968e+00 1.021548e+01 -4.480389e-03 3.653312e-02 8.782864e-02 6.621108e-01 1.201550e+00 3.482314e-01 3.290185e-03 3.409686e-03 -1.251401e-01 6.751857e-01 ;
	7.733141e+00 1.023319e+01 -4.414606e-03 3.629126e-02 8.154438e-02 6.958740e-01 1.244893e+00 3.602963e-01 -6.148491e-04 -1.308623e-02 -1.262724e-01 6.753587e-01 ;
	7.796415e+00 1.025150e+01 -4.455527e-03 3.523998e-02 7.516678e-02 7.296528e-01 1.285540e+00 3.721234e-01 -9.780162e-04 -2.897200e-02 -1.288728e-01 6.758116e-01 ;
	7.861645e+00 1.027040e+01 -4.459362e-03 3.335505e-02 6.871375e-02 7.634600e-01 1.323114e+00 3.837520e-01 8.680748e-04 -4.642606e-02 -1.292933e-01 6.764932e-01 ;
	7.928663e+00 1.028987e+01 -4.439887e-03 3.063742e-02 6.221667e-02 7.972956e-01 1.356998e+00 3.951428e-01 -4.720616e-05 -6.228274e-02 -1.306312e-01 6.769481e-01 ;
	7.997287e+00 1.030991e+01 -4.405927e-03 2.718903e-02 5.567737e-02 8.311355e-01 1.387317e+00 4.064438e-01 1.445413e-03 -7.565235e-02 -1.309751e-01 6.766650e-01 ;
	8.067331e+00 1.033052e+01 -4.248341e-03 2.308016e-02 4.912423e-02 8.649547e-01 1.413801e+00 4.176205e-01 4.894854e-03 -8.870158e-02 -1.311835e-01 6.761174e-01 ;
	8.138596e+00 1.035167e+01 -3.963855e-03 1.829871e-02 4.261611e-02 8.987486e-01 1.436052e+00 4.285446e-01 6.517189e-03 -1.025493e-01 -1.291761e-01 6.756579e-01 ;
	8.210865e+00 1.037337e+01 -3.585981e-03 1.284619e-02 3.616102e-02 9.321958e-01 1.453992e+00 4.392301e-01 8.625636e-03 -1.155288e-01 -1.290435e-01 6.622503e-01 ;
	8.283920e+00 1.039559e+01 -3.070712e-03 6.784964e-03 2.973307e-02 9.649125e-01 1.467439e+00 4.496033e-01 1.200744e-02 -1.268918e-01 -1.280802e-01 6.464309e-01 ;
	8.357531e+00 1.041832e+01 -2.384226e-03 2.426998e-04 2.339554e-02 9.968427e-01 1.476195e+00 4.595188e-01 1.546777e-02 -1.347667e-01 -1.254160e-01 6.307914e-01 ;
	8.431460e+00 1.044153e+01 -1.504685e-03 -6.671656e-03 1.724976e-02 1.027997e+00 1.480182e+00 4.688620e-01 1.972230e-02 -1.417708e-01 -1.204069e-01 6.153803e-01 ;
	8.505469e+00 1.046519e+01 -4.783638e-04 -1.390998e-02 1.144520e-02 1.058358e+00 1.479364e+00 4.774796e-01 2.133129e-02 -1.477167e-01 -1.117611e-01 5.990726e-01 ;
	8.579318e+00 1.048927e+01 6.284107e-04 -2.150838e-02 6.125962e-03 1.087845e+00 1.473775e+00 4.854001e-01 2.293249e-02 -1.561679e-01 -1.009945e-01 5.804140e-01 ;
	8.652769e+00 1.051372e+01 1.715717e-03 -2.944207e-02 1.241646e-03 1.116503e+00 1.463494e+00 4.925936e-01 2.054478e-02 -1.611462e-01 -9.436192e-02 5.658905e-01 ;
	8.725586e+00 1.053852e+01 2.747936e-03 -3.753357e-02 -3.278787e-03 1.144464e+00 1.448407e+00 4.991203e-01 2.072143e-02 -1.624804e-01 -8.643302e-02 5.525371e-01 ;
	8.797532e+00 1.056362e+01 3.767162e-03 -4.555852e-02 -7.393731e-03 1.171764e+00 1.428694e+00 5.048687e-01 2.001859e-02 -1.584851e-01 -7.813213e-02 5.394714e-01 ;
	8.868378e+00 1.058899e+01 4.812586e-03 -5.328725e-02 -1.108551e-02 1.198357e+00 1.404402e+00 5.097944e-01 2.176422e-02 -1.506305e-01 -6.949597e-02 5.242056e-01 ;
